-5.27998627974469	-0.589743838893290	1
-2.46221809101129	1.85991146359224	1
-2.96304200383151	0.642318722229048	1
-2.58710355530363	1.97384862378904	1
-1.03637027762733	3.74992393692973	1
-3.01614031105521	0.138262534416934	1
-2.84072671098037	0.781884637883111	1
-4.25351223215700	0.457704049374877	1
-2.10361510477148	2.27433360061859	1
-3.84559804562172	0.326759103614772	1
-3.89141716358960	0.224085463172537	1
-0.631248816440546	2.34673241179988	1
-2.03900084994009	2.30197731591177	1
-2.73684347250747	1.76180931593623	1
-4.13509371540230	0.351766213228635	1
-1.99161770535350	1.18266470213056	1
-4.79223795350366	-0.632962378917625	1
-2.94141942704242	0.590513998014181	1
-3.32879445580225	-0.604594322674974	1
0.616296264939132	4.20543705809594	1
-2.86273576478859	0.362237796672548	1
-3.69634071657657	1.11699662175513	1
-3.54638247688710	1.53303939277031	1
-4.04545234745766	0.196788585750215	1
-4.10842247918302	-0.918259246574745	1
-3.09995697147090	1.16118359351270	1
-4.63779765129168	-0.949727651530006	1
-2.81720897955676	1.58344850445142	1
-5.13470138227573	-0.490131007841548	1
-2.02818468540324	2.60717830963228	1
-4.12617018963143	0.644829813250782	1
-2.37055023497388	0.831761543081489	1
-2.30715909738249	2.15619188700136	1
-2.52395974270254	1.40070246030961	1
-4.93628990910738	0.209928482002533	1
-1.93887858432946	1.86380077082125	1
-2.48545171497117	1.68603288627082	1
-1.18465103865818	3.14307788072704	1
-1.68093534838775	2.11209877196701	1
-4.93836409295527	-0.371696327042589	1
-4.21884904279822	-0.888538713407357	1
-3.14420728467189	0.479456844859907	1
-1.64338139740947	2.93313560128090	1
-4.35503069943742	-0.239044316580646	1
-2.40350486289530	2.85031047400279	1
-2.84051782820416	0.452008679009555	1
-5.91131750513344	-0.955222729579690	1
-1.19336429254514	3.23447782305627	1
-2.48139949403677	2.49910180925564	1
-5.13901467859371	-1.14134930433474	1
-0.194029419524229	3.87323792656263	1
-2.08089217853350	2.29806747883353	1
-3.86188393418676	1.46628969026967	1
-3.31902431819870	1.24661409777378	1
-0.442751532600702	4.15480933416164	1
-1.50364930241122	2.36004985017058	1
-1.71605847376037	2.59581018675494	1
-3.38597886041781	1.20233621442068	1
-0.935854696464675	2.84990993132578	1
-3.56178667925689	0.800143512316584	1
-3.11295784786446	2.04188469824686	1
-3.83042236019020	1.59321820356857	1
-3.88604232596189	0.559932662062845	1
-3.46272180432026	1.60814091499738	1
-2.03485011420916	2.43661696303754	1
-4.12939988956788	-0.902828301413164	1
-2.61539311426538	2.77163444487399	1
-1.68384289347918	2.68148589748455	1
-2.46914225168858	1.27232198931651	1
-4.49703627126910	0.913230148345069	1
-5.13530722237313	-1.07743026158486	1
-1.41139332504788	3.56740081594643	1
-1.58564992741656	2.84199944467311	1
-3.67041870403240	0.503145259237699	1
-3.34803010420039	1.09859242220557	1
-2.07455777513220	2.78425733451768	1
-3.57064216230573	0.586058987025295	1
-4.96649446395549	0.0301676089762047	1
-4.27427584602288	-0.985464946607828	1
-5.58395517946389	-1.49788374858336	1
-1.54198309945160	1.62777797912300	1
-1.80848764675888	2.99737551650819	1
-4.25202801541070	0.439937488464337	1
-1.37247724238285	1.32417232483945	1
-1.55095286128090	2.83491281114019	1
-1.82216495443035	1.20468174862045	1
-2.99168060216025	0.958008821522183	1
-0.666051486421925	3.29789905381383	1
-3.51408226325327	1.77603199846212	1
-0.975232271795667	2.77043499216344	1
-0.456636702754354	2.33585645338984	1
-3.50070184709822	0.159320169036223	1
-2.52891884342317	2.34492739248073	1
-2.48288796361449	0.851752343491734	1
-3.40665980397428	1.28038336599351	1
-1.40340768368603	2.17066179177259	1
-2.11550740316512	2.91614173700026	1
-0.416532491739329	2.71944338778467	1
-2.74071142162383	1.67168586811936	1
-2.69373345466098	1.42524643934159	1
-3.15407858217920	0.101220102835135	1
-0.0582242097242709	3.83305495011004	1
-0.0608607246883671	4.31372366934308	1
-5.35120692528678	-0.189288111331784	1
-2.93975176068691	2.94212977670136	1
-2.50957736583843	1.25188434436938	1
-2.11095569879102	1.78311377544566	1
-4.70546666269942	1.84982109861860	1
-4.93640737834536	-0.754093964326372	1
-1.79169324343628	2.30629902531975	1
-1.49188841150139	2.87286645173509	1
-2.26963683753700	0.854015747460432	1
-4.01095597329759	-0.0314912256536430	1
-7.16116223635145	-1.81469014079947	1
-4.11080436753951	0.344852691231289	1
-3.07024292846343	0.624412480826408	1
-6.10484560367054	-1.74521661539651	1
-3.28064023416654	0.300589197458592	1
-4.00851331804462	0.463123279785953	1
-4.68739049781626	-0.112803795805788	1
-2.16499909266253	2.51071433194031	1
-3.11899416697499	0.824889539404788	1
-1.54324419692860	3.64456569687861	1
-3.42600702360089	1.39617065069496	1
-2.60628903323810	1.35870589617560	1
-3.72346522341061	0.431928562011793	1
-3.42412481811467	0.287522820521974	1
-2.43712284331087	2.44221054755629	1
-2.14847642033662	2.47972029689125	1
-4.20860009894874	1.42881451586280	1
-2.81107817215410	1.75060323907993	1
-5.46385946854196	-0.714650143519043	1
-2.42770914827952	1.49126341108640	1
-1.90564016194993	1.67387948132826	1
-3.34007024717679	0.798945250170343	1
-1.71068214441890	1.59944232923491	1
-1.42886042992364	2.52888665680357	1
-4.74347788623836	0.647605675727588	1
-3.09503530055280	-0.0557176627214798	1
-2.83674957466468	0.727222592781755	1
-3.50661233550337	0.283955464779759	1
-3.25975899378888	0.219978460640654	1
-4.17933440090648	0.0187748108371181	1
-2.16520884294573	1.86179685548012	1
-3.54152641880574	-0.379527415772973	1
-2.41148640457628	2.07183462419905	1
-6.30333477572334	-1.65205719156875	1
0.258244202431187	4.31046035012395	1
-1.83089167015682	1.64724674711618	1
-2.08096494955721	1.97469196342581	1
-1.70607731496480	2.31911374774041	1
-4.47111192230827	0.130624444518616	1
-3.87046317063157	1.04258374256433	1
-3.57317321087559	-0.444282466488574	1
-2.34840765006144	1.05718463594239	1
-3.77149127584756	1.83694014094907	1
-3.09043996685644	0.357424173749455	1
-2.37571078153680	1.85758533480150	1
-2.15470481104429	2.65958863805596	1
-3.08380404088768	0.00655914042636528	1
-2.20533291440128	2.37789365652296	1
-1.34304082052240	2.43676303460800	1
-0.699669340872832	3.70834895596070	1
-0.527391044519569	4.12959383873157	1
-5.55200740765363	-0.859624489352031	1
-2.87497164771135	-0.0382339356784664	1
-1.60505658782713	1.62714209890597	1
-4.21406080805320	0.695859759061130	1
-1.06971007467779	2.79831102295100	1
-4.17943441624819	1.09417817077141	1
-2.40208052571521	1.36020565291268	1
-2.91375633533451	0.936345204800681	1
-3.18702407541674	1.97397944401155	1
-1.21687313325210	3.30843813939423	1
-0.518618579304678	2.84676446730975	1
-4.50236119051031	-0.301143554561621	1
-4.34704180668129	0.321577625239387	1
-0.596934387588616	3.85468516163944	1
-3.88243034460761	1.06427680097315	1
-1.81152579749300	1.88618309882040	1
-0.802064399040684	2.91128935111498	1
1.20629892262070	6.11078314030847	1
-5.09391518586371	-1.75150811536656	1
-0.244835300165069	3.11345495852851	1
-5.10804686792287	-0.0814263570318467	1
-5.44059157350321	-1.06285009182612	1
-3.23176264706451	2.19753263792112	1
-3.23531061287373	0.850015806412186	1
-5.71148078031651	-0.594053929379989	1
-2.45161994739506	2.75935438724222	1
-2.51236444247293	1.49570122830847	1
-2.63379470593654	2.28083175578466	1
-1.91882973999812	2.02347948967048	1
-0.394471336155125	4.58533793417014	1
-2.95795405763973	0.756735891037341	1
-4.52818856027976	-0.390146316243440	1
-3.55301899307947	-0.113407269399398	1
-2.69382001277935	0.708505072948944	1
-2.23718393972792	2.06952092467821	1
-2.75267661943895	1.83509629483920	1
0.360052929425924	-0.242253140514649	2
-0.0860603825945957	-1.59347624288557	2
2.81392046342563	1.19112803355336	2
-0.156708890737201	-1.74443578485700	2
4.19635525020954	2.33206962594754	2
3.54946108063677	0.578686860073544	2
1.39607663398264	0.643295074434898	2
1.54050357044403	0.0511890499957093	2
2.58483701273374	1.87648112994690	2
0.310155491830075	-1.42750161366067	2
4.86815773896339	3.45997219521723	2
2.70863307124182	0.493919881436381	2
1.40644650003417	-0.782248523760362	2
-2.73025461196577	-3.89789632310062	2
-0.915854288760528	-3.50625424336187	2
1.72365528369509	-0.0702396622747970	2
1.82925233225549	0.846345303503129	2
3.76494008657014	1.48934437667263	2
1.51507598995684	0.0661694681470699	2
1.70637252241494	-0.0311566241972023	2
0.602226470796536	0.138648852840514	2
2.46237752474906	-0.663760860326816	2
1.40227011822163	-1.51737697276479	2
-0.542252459159355	-1.38589234725125	2
2.80439749810798	1.09377737692335	2
1.85124958646987	0.397118120222406	2
1.12582198365272	-0.619575920673469	2
3.16074987527898	0.897459244779133	2
0.558153105367518	-1.59253806368540	2
2.39057601738154	0.612133944670041	2
1.15566146579393	-0.231247390241274	2
0.965304568606525	-0.713393512276915	2
1.17994492963818	-0.588829627674564	2
-0.434058721300840	-1.47546724132661	2
-0.230428005974935	-1.91323586864074	2
1.53855385769542	-0.849984789690917	2
3.71231138025595	2.62472743103190	2
2.78164797898543	0.963026805443063	2
-0.496008615819517	-1.68890785778186	2
-0.755032736791394	-1.37956338430995	2
-0.330349601392311	-1.39016923851953	2
1.97088215688605	0.212746607588930	2
0.167453530892987	-2.32524964946550	2
2.62590832771767	1.18196821941625	2
1.06225527926578	-0.467560315461459	2
-1.73460983443094	-2.77835306207867	2
1.08286781026127	-1.37119253545246	2
1.63104299739529	-0.155021473440728	2
0.778184256659988	-1.24763877976655	2
1.22322561477615	1.12273139053294	2
0.296819549041401	-0.688427926073385	2
-1.05937907506144	-1.24776178936660	2
2.69463759280290	1.92294378241643	2
0.495285786719519	0.250116538968444	2
-0.295581198924080	-1.30272177893018	2
-0.174646935912266	-1.59869474599162	2
2.57265964800070	1.20622079914981	2
1.33552372912624	-0.422276298206708	2
3.22267170568793	1.48933941738441	2
1.35570800915952	-0.165280608382678	2
2.21015340378539	0.797916480969624	2
2.71304113352879	2.19949821172016	2
1.34256738625975	-0.546784852384298	2
2.12712513188473	0.244151123189140	2
0.125117148035942	-1.07836452792820	2
3.07263473337717	1.63978434597055	2
3.20081360380151	1.66765685428439	2
3.83872006583995	2.11891844146979	2
1.84692858254609	0.829861780979002	2
1.70020720163925	1.72833926664323	2
3.20675621255034	1.17201186473040	2
0.129753717139852	-1.71920928923466	2
3.83423035312607	1.94419353683488	2
1.18924077105388	-0.706910516207850	2
-0.324373760354624	-2.53753500960397	2
0.965246147501496	-0.730165685422587	2
2.06245825203828	-0.845668722655355	2
1.68196926205484	-0.227482606370968	2
1.77151351410848	0.0853025467511981	2
0.439232583253084	-1.20880826028574	2
2.43053787457900	1.20425580663620	2
0.524032795632959	-1.38636859528394	2
0.453982672583541	-1.18912196415992	2
0.445710525369399	-1.27749255137818	2
3.97901005358753	2.62550159400366	2
2.19127677012487	0.847872200093582	2
4.62126833931315	2.02349155000447	2
1.44497361432769	0.292609247689124	2
-2.79950894799728	-3.37152897339066	2
-0.770852734795850	-1.89428127989434	2
1.25115325844031	-1.31385528758541	2
-0.297376831175326	-2.66693361542737	2
5.80116730045887	4.16878308933825	2
0.964196953897833	0.732975904244872	2
0.266701748311235	-0.283014462063475	2
-3.12934756996757	-3.20065642761779	2
2.04802064761823	1.03428805632747	2
0.418046561187206	-1.07341899991150	2
0.0569156384877454	-1.94511368104272	2
4.36774520405245	3.57157845246379	2
-1.05644168110250	-2.25294604684137	2
0.920731568909179	-1.26534138692125	2
-0.0573054740805148	-1.26997337009662	2
-0.924832498028064	-1.99885450205433	2
1.83926831142581	-0.312858273825563	2
1.05271972112659	-0.933309525548516	2
1.48120597430793	0.654678533038520	2
1.66343682730359	1.16938327113344	2
-0.567733273076074	-3.09251040042346	2
-2.85950371090120	-4.64227989231897	2
-0.784084811305501	-1.53141190759377	2
1.07519536068436	-0.672981179105219	2
4.43052185863572	3.20696992908939	2
0.413580716126560	-1.92903746841426	2
1.49375372136642	0.162028674925215	2
0.843283151747044	-1.01484344797872	2
-0.324257942602823	-1.47736064286392	2
1.20124423314115	-0.588400067690393	2
4.08173662224242	2.44059442734303	2
2.11830646328128	-0.656349339361874	2
2.44474122884605	1.04106531852081	2
1.74821062633692	1.42146699267393	2
0.876825469629253	-0.598743922820417	2
0.813874561398627	-0.442766172188648	2
2.31087892412844	1.02992987350989	2
3.90526905305092	1.28612296542579	2
3.22704628506486	1.74443077839704	2
2.31337949815015	0.687272553078580	2
-0.625750416585574	-0.553685007456292	2
2.25896376824840	0.433723322771689	2
-3.44827266354308	-3.92341064679944	2
2.65881717741129	1.62306635486636	2
0.733210846658800	-0.120223202281480	2
0.0677829713818154	-0.741729798348874	2
3.03201290159755	2.08264797186884	2
2.92808657486460	1.25428665865163	2
-0.248457316368384	-1.43567571516350	2
3.40130030803683	1.68583485337973	2
1.28380864979361	-0.0418998292674155	2
2.34561406862215	0.256406051882559	2
0.318225703472026	-0.437785578369085	2
-0.201834106497780	-2.05176648371926	2
2.34125477282936	0.583019793462625	2
2.62880305612389	1.24924251237562	2
0.460938767459023	-0.839066319831552	2
4.13437253420616	3.16589441872082	2
2.11601036286415	0.255187465622736	2
3.01800447092663	1.88909232360186	2
3.31302085314182	2.28134470619876	2
0.0625269957185844	-1.09428933321778	2
0.186362818064906	-0.416021376361729	2
2.08274125210086	0.220458166448025	2
2.97412204165502	1.85168509773261	2
0.0718164539928733	-1.00765091999819	2
3.13717731425147	1.34752375327561	2
-0.490456795654853	-3.13391369535854	2
0.200474808302916	-1.05086735594180	2
-0.868236533270934	-2.61007136976730	2
-0.0160379081867774	-0.694162137919935	2
2.21721414176440	1.08928194285397	2
0.497182360107278	-1.69129037687776	2
-1.53207672194065	-3.30776147209449	2
3.43217501753697	2.08598099340188	2
2.18928182247985	-0.562162922093137	2
0.881117729060021	0.438218437873089	2
0.870528641216667	-0.953546010738318	2
-0.378801611675961	-1.69824501864963	2
0.233940250735781	-1.43582019509156	2
1.28263159556010	0.375663138191669	2
1.45628530035340	0.860219930685218	2
-0.814696460924907	-2.14881381062301	2
0.599371384956381	-0.0569240842407466	2
-0.0479247922520692	-1.49966493610078	2
-0.245165926920825	-0.949420705718427	2
-0.578809876009963	-2.52558938710402	2
0.268401357712332	-1.15311336389726	2
1.43844476744598	0.00638294067468537	2
2.78225395351265	1.40907420510741	2
-1.13452671741289	-1.48892825152929	2
0.925671279368452	-0.517852686943041	2
-0.0759966058767634	-0.824776612500993	2
1.59445098054159	0.607739791180284	2
2.51119783417431	2.05012832490908	2
3.80392893693956	2.29019654421587	2
1.27325386633731	-0.191811251737654	2
0.478456013255132	-0.214824995085800	2
1.11749276007556	0.197783452680639	2
2.28135084068675	1.12194626735140	2
0.303592387739185	-0.772029247274605	2
1.75970750348343	0.0551105084630933	2
1.43008353537726	-1.38576125851880	2
0.903015508522399	-0.452874437257209	2
1.95955286442674	0.202403945836092	2
-0.0664816421581596	-0.754979879424219	2
2.98257233513728	1.55896379311163	2
1.16248391571529	-0.384789826092715	2
1.22734282223421	-0.638336484067539	2
2.01732385666127	-0.469595226162731	2
3.15957190327231	0.745742296717464	2
-0.867272308602464	-2.17221993461488	2
